100
36 48
25 64
95 99
33 74
31 63
96 98
54 62
69 85
40 86
60 76
32 61
61 61
89 99
21 30
33 77
29 53
71 95
78 79
92 96
66 73
72 98
40 58
88 91
62 93
78 87
74 80
66 77
35 40
98 99
54 68
57 98
65 94
95 99
31 79
93 93
42 58
30 75
21 67
54 73
52 79
87 89
63 83
71 90
37 98
54 70
42 51
56 87
58 81
97 99
87 87
35 61
57 82
43 88
98 98
28 81
44 68
55 76
49 99
90 93
85 89
43 53
5 94
12 54
6 65
0 14
7 70
9 56
16 78
0 17
17 76
18 27
6 20
6 44
15 27
51 92
10 84
69 85
62 72
27 42
40 53
4 70
85 88
7 76
9 94
83 90
69 78
13 68
67 67
0 49
6 12
15 36
23 24
92 98
12 77
78 98
70 84
36 79
52 90
32 76
90 99
