100
48 95
5 80
38 63
53 61
41 93
64 67
41 85
91 97
57 96
99 99
86 95
91 97
26 76
95 99
12 24
58 64
94 99
13 19
23 82
63 75
44 50
81 96
98 99
49 88
69 72
36 85
14 81
8 57
73 86
96 97
85 90
42 99
7 23
68 93
28 86
74 74
40 50
76 77
83 91
36 46
49 59
37 46
57 77
69 83
60 69
65 97
71 84
26 28
85 85
50 52
32 38
29 51
29 59
46 52
51 61
42 85
67 69
71 98
86 96
72 85
19 62
12 63
80 90
77 96
56 61
57 70
16 74
78 85
40 41
32 85
19 73
76 96
58 72
100 100
77 82
43 75
12 30
45 53
51 77
21 94
84 87
52 73
94 97
59 67
78 90
59 72
26 44
70 70
3 94
47 66
98 99
77 89
50 86
74 74
70 74
2 15
12 51
95 95
71 96
0 1
