100
95 99
57 74
86 92
46 81
92 98
58 92
6 55
35 52
47 76
23 87
90 97
33 44
77 77
99 99
22 98
22 43
1 34
66 72
22 88
3 58
79 91
7 28
85 98
24 83
3 50
63 95
74 83
77 91
1 35
23 31
10 53
40 43
81 84
93 93
19 61
95 95
1 29
29 78
26 91
56 64
65 84
47 61
8 83
92 96
68 78
36 39
39 70
13 35
35 57
24 37
2 61
71 99
45 83
96 99
44 63
89 94
27 34
51 65
90 90
12 47
50 71
48 81
58 75
54 84
79 79
83 99
35 51
78 88
42 71
82 91
1 5
35 53
38 79
31 33
14 83
54 65
86 87
47 99
97 98
48 54
89 97
74 90
87 91
87 95
64 85
67 89
31 64
49 80
64 75
86 92
53 84
56 90
89 92
11 30
12 26
46 73
67 93
59 66
37 77
43 52
