100
33 80
53 72
5 87
24 41
71 84
84 84
6 95
21 61
78 97
1 13
65 81
82 94
89 90
87 93
24 94
32 46
19 64
35 57
87 98
11 64
67 97
32 84
3 97
63 70
16 43
36 81
46 99
90 95
10 25
13 90
86 94
69 79
63 86
24 78
18 29
16 77
53 70
79 97
18 29
37 66
80 92
96 98
13 44
16 58
14 57
38 71
2 15
17 50
43 44
5 76
60 90
6 6
10 95
20 43
16 18
19 37
95 96
21 71
81 97
39 61
76 82
55 85
62 74
39 47
87 90
38 94
12 25
21 40
40 80
15 89
70 92
59 81
0 23
58 97
16 83
13 67
8 12
60 82
31 46
78 95
4 54
24 92
43 58
91 95
0 98
62 67
97 99
6 99
89 94
37 43
81 83
3 21
1 36
30 40
97 99
0 63
40 64
4 91
53 55
81 82
