100
50 100
10 100
49 100
23 100
67 100
8 100
65 100
9 100
2 100
83 100
9 100
31 100
49 100
35 100
30 100
85 100
83 100
80 100
44 100
38 100
18 100
28 100
83 100
63 100
62 100
49 100
48 100
72 100
36 100
62 100
55 100
56 100
30 100
62 100
25 100
12 100
75 100
18 100
26 100
71 100
20 100
47 100
95 100
13 100
59 100
72 100
36 100
59 100
43 100
98 100
43 100
99 100
2 100
56 100
99 100
87 100
78 100
62 100
92 100
80 100
49 100
24 100
21 100
75 100
83 100
16 100
69 100
91 100
16 100
15 100
2 100
41 100
90 100
55 100
96 100
67 100
5 100
98 100
73 100
41 100
17 100
79 100
35 100
99 100
35 100
25 100
88 100
12 100
8 100
33 100
59 100
42 100
14 100
56 100
94 100
36 100
77 100
37 100
26 100
56 100
